%YAML:1.0
---
rotation_matrix: !!opencv-matrix
   rows: 3
   cols: 3
   dt: d
   data: [ -4.8359770760309317e-01, 8.7471580995178844e-01,
       3.1709762241613038e-02, -2.2331512014778204e-01,
       -1.5832934118414987e-01, 9.6180152673697417e-01,
       8.4632358723741985e-01, 4.5804374413431237e-01,
       2.7190497263751068e-01 ]
rotation_vector: !!opencv-matrix
   rows: 3
   cols: 1
   dt: d
   data: [ -8.0397627454137988e-01, -1.3000894692412277e+00,
       -1.7524112718452212e+00 ]
translation_vector: !!opencv-matrix
   rows: 3
   cols: 1
   dt: d
   data: [ 1.9824397141331261e+01, 9.9559567883918714e+00,
       -3.7528364626343134e+01 ]
camera_position: !!opencv-matrix
   rows: 3
   cols: 1
   dt: d
   data: [ 4.3571488872267587e+01, 1.4252391215663509e+00,
       -1.3240228121778462e-04 ]
